1859202
1071829
923229
1252514
1268105
1820144
1010900
2325641
2070270
1177466
1256923
1267318
2140238
2047221
1458289
1531533
1854814
2239107
1678477
2229551
2393357
2126760
2227911
2157224
2015384
935710
1249713
1252579
1254568
1702920
1328241
2095192
1895733
1032050
913476
1256586
1828546
1885554
1018040
973891
2383823
1255777
1289694
1836374
927669
2076609
1176705
2229414
1251903
1248081
1175632
1519102
947407
1779247
2091484
1686350
2148800
1279097
1251651
1249109
2387591
1643266
1069197
936602
914205
2234621
1065115
1143805
1032238
1960374
927887
928133
1796317
917364
1427367
1028091
2234622
2154211
1451774
2231547
2344672
1143745
1248144
913778
2279065
2091424
2179809
1282588
2407287
2344673
2374721
2099895
1249672
1534886
1760080
1249520
1248326
1992066
2045290
2330799
1550003
1957643
1252414
2148992
1889339
1490187
1248131
2362118
1817337
1176230
2330794
1717129
2182627
922609
1143825
2211399
2035335
1027262
2170257
2377938
1259894
2096448
1257696
1143750
892846
934137
1264289
2047223
893204
2079091
897254
922604
1399394
1897246
985034
1965200
903591
1234530
2205590
1175816
1860754
2133607
1826970
2367269
1176716
2354468
985845
1452096
916191
1864886
1962496
1772715
1793523
2090403
2089176
950505
1136700
1177644
1655008
2205588
1741885
1321939
938503
1877874
1821518
2272780
1149179
2280284
924255
1952468
1012374
1297634
2038261
976931
1143711
1319130
1252133
930603
2161891
1251335
966189
2226649
1251948
963010
2208520
1260556
2393359
1491445
1410080
2209981
2093687
2106069
2404191
2386162
1248160
1015824
1252610
2280287
1093704
2015168
913852
1006086
1176143
1522350
2091420
1230379
1176719
1254810
1883563
954568
964646
1729307
1258719
1255483
954566
994807
930825
2289580
2064421
1225746
2139612
2263830
2148414
1175486
1256268
1432232
930341
2338568
2236185
2192245
1865184
1066262
1256521
1253688
1431820
2118873
2234638
1250302
2392873
2407323
939705
2241789
1580671
2202389
990307
1744170
2386160
905495
2393360
2232841
1322458
916953
913924
990988
923219
1398004
1851677
1175710
1249877
1440884
2141490
1860156
1255711
2395203
967588
924889
2225264
1299763
1257582
2015382
2224653
1981658
1260027
2221937
1462107
931811
1873239
1022549
1250558
1618547
892822
1068528
1176766
1177763
1666537
2330780
927733
1250763
1396765
2357911
2170498
2054614
1266472
1175334
1003405
2227628
1409478
2413077
1476472
1102481
1566920
2147211
921167
1260043
901581
2362119
2139331
2231957
1836618
2387684
2025720
2224819
2224897
1304228
892825
2230280
2090555
2389201
928508
1059344
1060813
924319
1140379
1095204
1287110
2289589
1858196
1457813
969886
2232210
2204701
1002518
1175487
1671335
990044
2353713
1858849
2078589
1753985
1398324
997650
1886156
1905003
1249352
1623539
1249036
1485945
1255974
1818880
1897307
1910978
2084857
2059814
1727082
1548744
1254368
1260532
1886662
1252194
2375844
1258733
902573
2035804
939293
1249828
1108990
1823793
1801899
1256263
1248675
1739121
1250930
1255568
892954
957608
1176098
1254681
1263025
1100311
1505018
1266881
1535956
1911470
1483701
1857381
2136744
1248399
1458854
1411130
1894725
2017700
1300356
1415381
917382
1176319
2373354
1250933
2177735
1176087
1487136
1155547
1176278
1202275
1397019
939737
2227395
1873236
1566928
2359699
924891
2261770
910597
1691066
2209170
1249327
925076
1175374
937429
977584
1571227
2357385
919235
1739881
1530426
1169302
1355117
2393358
1175554
1258074
997995
1281319
939572
2227883
1052733
1834507
1851880
924270
2412604
1051292
927403
1911520
1517210
1269810
2160713
1258838
994394
2050441
1892096
2096226
1828557
2262050
1557335
1139104
2058233
985029
892974
939539
893386
938415
1257711
1955780
1856271
1272950
1251666
2248831
2136743
991282
2223042
892903
1258936
1834534
989554
992563
2115908
1874573
2412906
1645713
1249544
1258645
970764
1655009
1751726
1157042
1267375
1396540
1177221
2097313
1008470
901556
951219
1446354
2284945
1176051
1498943
1228326
1248402
1432191
1696368
2302972
2044162
1869384
1011336
1266883
2186392
2373355
964970
1018618
929941
1177569
929939
1197742
929109
2378520
2088662
1549170
2067445
1894262
2230129
1143781
1259502
1903638
1175470
2093689
952320
1249554
2119075
1248100
1249637
2288113
936270
2389338
1072639
1312957
1841257
1143693
1890608
1305817
2388022
1820137
2098050
927907
1596831
905415
914507
2381528
2063413
2046769
1176160
1950000
1305067
1254511
1255832
2367268
1109978
2195402
1022553
2380459
1546895
2375325
925073
2228367
893053
953593
1871942
1520553
968233
2225405
1095138
922610
1546973
971291
2092788
1249947
1671506
1256243
2248095
1185637
1538581
1707604
2073401
1960372
1958314
1951989
1717214
2025669
953576
2210691
2186340
961100
1255816
1257685
1772846
1958322
2197853
1251937
1882023
1617913
1960606
2273712
985844
1144830
1175728
2198460
1254750
992555
2135805
2201916
1260195
1719262
1307470
1175615
1422128
1254840
2260199
1250899
940067
2227936
1160309
1957634
951678
1797872
1257265
2389787
1598540
2360294
2298714
1015960
927395
1459078
1249886
1695450
1751297
1661918
1171407
1749307
960073
892958
2098241
2181798
1911473
1176717
2379446
1879016
936656
1249040
1995659
893147
1104008
1612494
2360343
2139064
1259311
1248271
1248756
994402
2387138
1408309
1257961
1176696
915290
1803109
1249215
2340811
2047041
1459290
2070059
2375321
2179709
1177743
1816148
2413889
2291700
2068601
1667390
1301215
2017751
1144039
1640460
950111
2394571
1143785
968231
1619401
1254907
1499075
917996
2228082
1250324
1602690
1177866
2138219
1812689
1249647
1873240
1951983
1256460
937430
964733
2226407
2386998
893397
1126178
1322346
2067383
1796510
932463
1174506
2150174
929638
2230154
1248665
1248883
2136962
942188
917016
2226903
895156
1072638
1817382
922607
2190325
1898883
1056122
1861079
2084888
1463199
1739888
892961
1186622
1455456
1100252
1281483
1236107
1176638
1769914
1798847
2399080
1875534
2232526
2285904
2357881
2104391
2268020
1177420
1256993
1837667
1202571
1870680
2250062
913994
1690275
992565
1035418
1896878
1632612
914749
937321
2202383
2210693
2392865
1175583
1629493
1253971
2075578
1009454
925482
2091847
1175560
1258007
1250975
1851679
1267527
1251321
968234
1641474
2273972
1257949
901591
1854451
2229822
1258735
1552344
1850623
1032561
2304294
2053686
2044189
1273182
892952
1248152
1249661
2145134
927405
1065119
1765472
1864232
2241838
1255390
953826
1752769
1882289
1252497
1254811
953913
2228532
1251642
893271
905475
2188939
2226972
912931
1254462
986950
1016967
941430
2232280
2131381
2234644
1964425
2161420
1155146
2291697
1035284
1251951
1673137
2382129
1250585
1072633
914350
926633
2218055
918710
2234643
1231303
2167591
2180974
1533504
1256353
1144999
1248894
1773051
1260004
1285100
1672557
2180657
1866086
2148450
1294747
1525204
1858191
938927
1012843
1250771
1176803
1175640
2221978
2232845
1001539
2147815
1257079
2187476
1693776
1911472
1304970
1030100
1378452
1584667
939283
921882
2271268
1254967
1566927
2125047
1249001
987356
2059489
1248407
1097761
1043969
2194703
1254277
2180832
1252612
1177379
1016398
1251513
1297258
1129047
1175920
1022551
1706218
2020655
2191609
2230201
2226924
2208611
923645
2386161
2176787
923596
957595
1476351
1123294
916203
1865279
1177476
2065771
1177692
2220685
2374386
2085430
942612
1257768
1175736
2084940
2013784
1252408
1249071
1459980
1750228
1663338
1009149
951252
1604353
1659578
1726066
1662973
914936
1609295
1175832
944772
2394430
1625085
2095134
1248956
1256290
916673
1851682
1945131
893566
1028308
1260175
925975
1306711
2190328
1177716
2273701
2057833
2324033
936380
1280064
1255276
1256177
926113
2391304
2196954
2134460
1248622
1012682
1017859
1248791
1255640
2336668
1054217
2327396
913481
1855113
1249759
1642379
2392836
1252174
2342901
1765502
1468106
2215375
1796852
892999
2163177
2140637
2084899
2370219
1301254
956900
1165856
1932177
959988
942020
1883881
1272503
1257796
1751289
1259300
1177786
2245198
1268726
1896836
1851882
1873734
1259306
1004975
1258731
1019045
914825
1487481
1063200
932900
1143814
2256546
1903832
1256976
2407288
893068
1877830
1531878
2007520
1691782
924644
2156979
2333230
1257294
1248237
1416196
1588530
940083
924716
924650
1881162
1699977
2051138
2183632
925069
1021072
1251987
2027138
1418992
1144980
1254722
2312900
1063196
2153332
2127250
939702
1036309
2206455
1991792
1095205
1259902
1819599
1749373
2240009
2364463
947043
2193832
1069199
2198136
1197772
1110963
1889570
2115497
1259057
1469134
1249511
2406629
2016969
2227111
1143761
1260415
927177
1891263
1294871
2089743
914575
1907186
1249107
1409344
1058551
1008159
938417
2381311
960293
1550004
1145013
1199751
956794
1659576
992559
1070641
893299
1641036
914490
1991578
993264
1022091
1796360
2374706
925487
2096007
2062750
1053700
1451747
1564527
1794216
2226235
2412362
1800198
1144998
929576
1431492
1934690
1250787
1706195
1811148
2104803
1249529
2157943
1160414
1136542
912603
996509
2338574
1230376
2100135
2391159
1601630
1256985
2383824
1557929
1177567
1259114
1143719
2106735
1167078
1760575
922411
954685
916674
2038420
1225152
1152607
962218
2374845
1176973
1251061
893017
1248443
2230893
1256220
1855428
2098104
2196994
1267464
991899
2192243
1529306
925892
1145011
925889
1249368
1529277
1255934
1779721
926929
1805308
969098
1236503
1255972
1753042
2303338
986570
1253736
940771
1255187
1259893
2273697
1951999
2070029
1867271
2090161
2139659
2228354
2211537
2190326
2273699
2225642
1041330
2168511
1260030
2168502
2214336
2354614
2174339
1583299
1253740
1250657
2230342
2273696
1416252
1908400
1259511
1177496
2210734
919514
1250918
1683242
1175801
2238807
2096312
973773
1835456
2397730
2085256
2392824
2291701
2115496
1248747
2220562
2168494
1429795
1176948
1018613
2178316
2050244
1932742
2375846
2231847
927805
1525357
1176712
1613668
916677
1412491
1015436
2245196
1559409
1008469
2070273
1176106
922620
921634
1174509
2356298
1413776
2225229
2227113
1798280
1100254
1011110
2201911
1256434
985842
2394560
2273003
1086656
1558506
1521914
2217078
1136675
1250275
2147210
1993256
2221604
1249665
1779249
2184815
2159224
1259340
914587
1679063
1011109
1311715
1143787
1504265
1056118
2394255
1248079
966192
923223
2209143
1671169
2274295
1729308
1249727
1101850
931439
1010506
1251648
924894
1663259
1308394
941290
1255283
1285621
1143792
959989
1035178
1028310
2409909
989748
2386727
1143694
965771
1253430
918041
2200529
2379053
1256442
1248798
1476350
1981667
2019384
1285132
2189136
2375304
1069203
2393361
1407909
2093390
1072636
2131850
1249359
2230340
1851894
1600436
2231038
1846370
2227272
1268873
989737
1287179
997102
2273700
2341683
2335450
2139617
1264286
2230276
2050406
1991791
2370981
1484269
2089799
1306156
1176122
2240010
1252046
1663951
2036069
2341426
2180976
1268980
2365112
2078913
2218393
2258196
2070998
2143363
1421239
1484261
1858555
2056091
1266158
913472
2154455
2225484
944809
1416690
913003
2412641
992186
2242615
2412199
1257423
923230
2099947
1249618
915338
1578600
1879738
1821556
1257174
924657
2309795
2375843
2097754
1756871
2139619
2094823
2210690
2076611
1268943
2224741
1271686
1858870
2149203
1300176
1463596
2395528
1760836
2312598
2352059
2096185
1770555
2001745
1902891
2091930
1058554
982108
1825471
1177414
2398764
2312901
937447
2384184
1807544
1901668
2170497
1698760
2397099
1315582
925890
2174047
2154457
1862265
1248164
2051738
2337300
991984
1257071
1925560
2096008
1177843
2197363
2170073
929639
1252203
1805314
995833
1495002
949767
2226659
1030352
964814
1784201
1256522
1256194
1085234
1254596
2392867
2068921
2350640
1251772
2388743
1838988
1327934
958589
2287148
1258379
2232840
2410728
1251822
2025738
1476169
1686295
1704336
2158940
1249673
1404243
2206494
2412603
1841711
2312903
1265603
1258164
2318078
1095212
2198281
1252111
1884278
1869363
1255403
2186883
2104390
970108
1250159
2171347
1918354
2146416
2007527
1144994
912663
1416195
1882280
917288
1845341
1175631
2140769
967587
1990738
1093703
2186107
1255423
1700053
2198208
2385077
1228399
2096688
1960605
1236097
1062954
2273708
2208010
1623078
1251565
1225693
1944120
1963758
2153214
1251805
1249557
1481626
1300162
2125044
892963
1289610
2392298
2333216
1144043
1325937
951555
1258470
2339077
2186877
942017
1177300
1637055
1171416
1144042
1594216
1259489
2220666
920797
1007725
1793666
2160714
2301573
1801004
1543623
1015731
2221609
1174948
1176708
1257110
1177815
2097535
2215850
1667951
1320839
1058549
1255060
1167711
1716161
928020
2268360
913712
960499
899490
1305710
2181385
974804
1260427
893602
2181391
1973022
954981
999880
964740
916795
1578820
1176697
2120817
1509793
1812701
1319421
1857178
2007523
953828
1784998
2335639
1023585
2020945
2169533
2288115
975573
928934
2106383
2164037
1256325
1198692
1252872
2068773
1662321
997107
954507
2372559
1041212
1603542
2271219
1177407
1733549
2190283
1251025
1889338
1177017
2101759
2389184
2235907
1095209
939706
2103173
2190474
927396
919113
1248961
1301431
2197264
2021763
1249608
2148095
1557930
901511
1059480
1289560
2318081
1852878
1683241
2340769
1249507
1009164
967567
927888
1176123
2205778
2281790
2203563
954212
1249332
2149204
1290915
1177152
1858845
1255422
1252051
2231836
2268021
953806
1485712
2232565
1065117
1752185
1253827
1004057
1944119
1173446
1249708
1257911
2379054
1258995
1175611
920900
1723102
2085257
1255165
1317846
930809
934994
1688946
1698280
976489
938418
2181196
940057
1856481
1463201
2213680
2226902
1249395
2043938
2226648
1865303
1256030
1255438
996615
1011071
1562238
1175725
1276358
1046215
1249238
1897631
1175485
1248300
1958324
1032001
1249880
2396195
902204
2378223
1872964
2333215
1249992
1839760
1700056
2375828
1609196
1248102
1249047
1176071
1249270
1231807
1463998
1448078
2380460
1251590
2234299
1300224
2232768
1729305
2186878
1145010
960844
1252527
1248656
2372961
1003607
916752
1843504
2154113
1249824
938150
2113992
915214
2392210
1249891
2038150
2160790
1902947
1011340
1251516
1519083
1504133
2205671
1080517
912575
1260499
1176138
2337904
1016201
2384187
2141194
1758457
2181757
1733486
1177833
990827
1294333
1248957
1248885
1598988
1177538
1056111
920233
1021773
2204241
2381570
1017234
949770
1719193
917332
1249254
1109977
2226230
1225147
2079095
997300
898507
1257930
1017891
1256731
1860999
1144838
2200487
1254565
2357282
2258673
2153330
1826562
1257890
1678325
2194328
1177487
1283487
1096812
1259997
1237337
2044163
899480
2234428
976955
2081990
2170261
2137940
1144981
943854
1820150
2086789
2039683
2037692
1143700
2139622
1176103
2079094
2019699
987354
1902892
893296
916659
1864746
2232302
2135827
916680
1659861
1242126
1881464
1275078
1259609
1874316
2051126
1509818
1148752
2236868
2100048
1470283
1835114
930813
1968866
1095957
1854815
893051
971046
1034809
1899108
1259309
1932738
2156137
1250208
945063
2402057
1305948
2174397
2109332
2390962
1263986
2228965
1307769
1039456
2334215
967584
1260070
1260568
914593
1715598
1396530
1740000
1236497
1259307
1260423
980275
914984
1555953
1508723
1176756
1437054
987358
2106073
1250568
1495435
1259115
2221945
1258569
1254809
1687317
1661973
1254788
1176014
1032560
1144882
933427
1175610
892950
1159859
1027884
936632
1700054
1255487
1249644
1619404
2138899
1176069
1781256
1051079
1623077
2291699
1719902
1944160
2227028
2022489
1249234
1072634
1604061
1022547
1177651
1142731
2343826
2375847
1816149
1259102
2148042
1177242
997301
1866087
1252048
2139060
951063
1981292
941431
2096709
1999779
1691071
2086284
2022493
929164
901491
2109237
2197750
1747293
1858188
2168501
1249007
1012845
1252526
935713
2334926
1254723
2067299
2379059
1177764
2147964
927325
2143516
2124571
2225406
2104184
991009
997827
2198135
915167
1612234
1801138
1756869
1297829
2234301
1308434
1399392
2320861
1261635
1175805
2360253
2318166
938796
1144035
2375319
1770200
2145387
1252056
1171396
1946779
1718644
2007528
1251720
1263851
2245195
912893
1718846
1925598
1177373
1293977
929162
1232834
1266263
2088575
1396831
1382663
1250011
2149723
924896
2229872
1143778
1035776
2198738
2201468
1879887
2392295
1239767
1254732
931202
1303045
1242572
1176328
1918401
1227515
1777423
1935636
2365113
916241
2116172
1416711
2067446
1256754
1100309
1993268
1071823
2355719
1478522
1256983
1748312
1176572
2053685
2226927
2116095
2367699
2220297
1319128
1010127
924316
1251777
2284255
1981657
2138623
1259319
2375689
2342037
2389183
1803372
2273709
2379058
1882048
1339490
922623
1136677
1457064
1516648
1004244
1968761
1144929
997146
1999776
968571
1899935
1035283
1793186
1253266
918889
1410478
1176704
1175791
1508882
1143783
914513
928505
1272824
904701
892772
1248645
996324
1013790
1731608
2381224
954171
2020653
954571
2161726
1426429
1463200
1758535
1739239
2170249
924895
930870
1001733
2201919
967278
1911522
2103045
1309358
1250443
2140639
2195401
1177374
2047035
2395279
1254605
1296494
2229734
916211
2230069
1248853
2067444
1248122
1899107
2016967
2094768
1175344
2407322
1100297
1251616
893441
1249162
1892625
2108620
1043974
1406610
1307423
2373176
1690276
2322592
972477
1541979
923644
2224797
2307821
1258734
1328190
920893
961490
1861081
1176276
940044
2186403
1551169
956619
1945100
2110331
1027385
2272782
1143691
1973019
2231885
1824127
1175508
1257142
1483697
921878
2267326
2228342
1531159
1152060
2118959
1249403
1260068
2148415
997818
2144441
2150114
973288
1694943
1802042
1143776
2397098
1006470
1406607
1858847
2343000
2229824
915328
1858193
1442324
2383597
1028314
1056120
931985
1269468
1806031
1258222
1175767
1177752
2291694
2268018
1261096
2407289
1159642
1159900
2230279
904815
905323
1176706
2343015
2146497
1256761
2154458
930806
923231
1249667
2331886
2312911
2406630
1798656
1096914
1722575
1058553
1048948
991868
1812648
2198211
2375582
1003404
1177222
2078391
1250837
2133603
2273980
1731800
1303221
1272758
1965519
1248168
2226247
1735558
1876753
1723604
1021089
1148651
2227988
2229546
1643075
2389662
2227909
2012984
2348759
913424
1883565
916682
2287566
948763
1881382
913426
1823792
2411807
2053408
2181393
1251351
990038
926845
1027872
1602296
966188
2083851
2304514
972880
2227957
2209336
2154460
2060233
1056665
1613686
1167818
1175435
2249246
2209290
2343825
2158687
930640
2222176
1478741
931716
923467
1890903
1865304
2229674
1126180
1870484
2088814
2243526
2366943
1176883
1193084
2198134
1255465
2378353
2202445
1252875
1952465
2133910
1076336
912683
2222999
1893436
1032237
1176938
2078725
940203
2411928
925068
1522083
2224457
2223690
2318341
2206730
1260428
1280169
1073460
993267
1762840
1500328
2211876
1018651
892987
2229048
914938
1018647
1171318
2133606
2174338
1076829
2388069
1176097
1568442
1891399
2374166
892816
1949949
1176073
1254284
1575942
1042321
1236091
2132989
1257308
2203695
1695112
1015438
1885447
1032239
2318342
1810226
1114531
2091846
944472
1523962
2063457
1175581
1801872
2381350
1258793
1249380
2360035
1296564
2163253
925897
2101118
1882287
2268737
925895
953589
939187
2069418
1259117
928158
2135853
1139127
934143
2097028
1088596
911755
1246587
1472401
1741763
2097572
1248487
918716
2131398
1879385
1175789
1237382
1249518
913614
2051916
2044753
2224452
2086193
1309335
2097312
1251323
1795193
2268739
1176300
928503
1578848
1260404
2235396
1177630
980636
1915794
1879779
1144044
1397533
999877
1177845
1562219
1857622
2133676
2044161
1716128
2040798
1256987
1949953
1176159
2243528
968146
1255788
2227788
1802140
2354608
2242210
1248804
2274030
2354609
1795019
1248181
892827
1427457
1020906
911113
2385450
2191611
1256518
1161231
2312904
2110329
1088595
1251108
1175876
924261
1072635
919262
1614883
1255015
1817631
1175852
938716
1833739
1143712
1260696
1304028
2209366
1053881
1932175
1240570
2206630
1175481
2383132
1801748
2203069
1257401
2382344
1254739
2014961
1484436
1149178
2180500
2161184
1177778
1175757
2196933
1249643
951553
1900533
2284472
2209892
1557154
1750999
968263
2056998
1258861
1772717
1697900
1249113
1275344
1175464
914338
2385978
2227963
2382127
2030598
892845
896726
942515
1527890
1028301
1250572
1810222
956774
1729306
1171317
2156977
1321301
951552
2382123
990096
1159991
2141289
2370306
1413704
961721
939733
996674
1256801
2229548
1048525
1856272
2225690
1873238
2106389
1688050
2342039
1636614
2079093
1136664
911757
2375984
1161650
2089736
989587
1273205
1039459
1917152
1249039
1258653
1249718
2226417
1875271
918713
1950002
1258690
1003992
2226965
1248327
2227252
2190327
2210153
1864230
931319
909026
2225658
2063720
1143718
1289508
1176242
992407
1318299
920484
2196667
1248914
2274635
2164034
1019189
1250619
1262055
2212415
964735
2224600
1301353
1459858
937299
1431048
1329790
2063414
2068637
2228577
2374878
1795278
1497373
2154459
2104743
2181386
1802043
1248955
2392833
1911523
1982459
2334925
1793202
2096205
2230955
1251747
1174730
1228400
1758536
1459857
2245200
1248891
2182622
1257767
1249086
1175851
939290
1086587
2194825
2226870
1249018
1236500
1257087
924666
1805459
1409230
1249223
930587
1250193
2367677
1663435
1974652
1826538
2375303
1091691
1176012
1769918
936259
2380832
2070028
1077212
1008387
1942959
1177016
2085398
1248324
1451685
917700
2398378
2215629
1171343
1689341
1100310
2386726
956786
1254398
1781266
1508722
1101805
897501
1546975
1584668
1257504
2382126
1980700
2225403
1396535
2047817
2392294
1522532
1717775
1176245
1257503
1101843
1976335
1941345
1289609
1252250
2169244
1252137
2384186
1320750
931809
2228361
1798954
2012147
2394673
1639665
1260006
2375323
1176983
1249008
2186476
2007526
1700052
2160775
1035037
1016207
1942958
1257505
2043634
900702
1695469
1778766
1757770
1694246
1685644
967585
2187972
2093820
2263828
1402259
926125
1021179
1249271
2268038
2012158
904899
1824088
1131575
1845250
1258076
1307745
1088629
1468383
1519944
2375459
1891394
1856089
1136699
1250049
1646753
1175784
1251670
1463597
1420929
991266
2351432
2338885
924887
1717128
1257266
913420
959993
1301436
1143722
1674615
1250362
1430469
1627463
2280286
2108050
1176762
2102744
1467791
2312940
2333220
1249157
1870129
923347
939536
1248768
1608308
2230277
1177611
1913126
945478
983940
2365810
1248414
2057731
1259892
1904567
1257920
1752776
1018619
1172003
1860590
2260297
1019187
938673
1551279
1578424
1320944
2339367
1091909
1965150
2181392
1879781
2076617
1022433
923924
1251352
1249266
973166
959592
2163771
2106358
2304239
1595958
2322023
913807
2020942
1254292
1177818
1864459
1176272
1882286
2143665
1052306
2325642
1171309
2222806
913302
2344476
1835442
1248799
1255226
1250614
969717
923736
2236874
978027
916259
1311848
2158944
993134
2227824
1035826
1869386
1248216
931988
2203694
2333218
2229813
997154
1176298
1259308
925356
1253335
1255839
1731639
1911585
1040856
1397025
1825461
1268944
1798658
1256196
1302910
1177537
1053882
1678320
1500067
961927
992617
2367676
2028622
2238460
1968327
1035276
937303
1864502
1999687
2396361
1819377
2103170
1885310
1557935
1175760
967565
1161230
1751287
1251259
1177330
1623082
2015451
1700057
1275090
1862805
1254721
2350607
1991488
912523
2223880
2225388
1264937
2354469
992194
1176312
1051076
1202817
2219882
1302653
968224
2096204
1257352
1255684
2396196
1546974
923612
924809
918958
984397
2113530
2069467
1176074
1532544
2392577
1762728
929025
1175204
968306
2201518
2234433
960485
1021775
936381
1013759
971670
2080828
2102251
1525205
2304388
893104
952424
1176753
2230199
1177346
943855
1861086
942148
1492460
2195745
2067382
1249660
2218135
1143738
915029
1487204
1994375
1270288
1656350
1865641
1670565
1430613
943798
1249483
1993475
1981491
2279383
1251086
1000932
1176787
930887
934139
924247
2211051
2068275
1952464
2215414
2227143
1143734
996157
1022546
1519942
988648
2354610
2243525
1416885
1679065
1123714
2227613
1097675
2229154
970191
926305
1736131
2201708
2410729
2341775
2148207
2354613
908135
958588
1250674
2044832
2312897
1193309
2171064
1876465
2210692
2334214
1259944
2102400
1007156
1900517
1116559
992550
912761
957591
1197745
892823
1144963
1272881
1255071
1249513
1022435
936379
1242574
2047418
1255224
1012768
996604
1011305
927648
1321570
1022558
996602
958815
1176303
1770560
1143715
2364595
966029
1442485
1659574
2058206
936875
1088593
1248279
1960301
2198472
1606584
2104724
2038264
1010899
1250089
2373179
1851889
964734
924536
917383
1011341
1898496
913678
1248625
1617915
1811752
1008471
912758
1595862
1170464
1252480
1494521
1861088
2363124
2341969
2227501
1126179
2224453
2318343
1144041
1255481
1951990
2292374
937428
1686121
2370983
1249829
2336751
1525496
1286861
1101842
1564095
2217148
1824419
949835
1731606
1256961
2380533
1826603
958640
2025668
1932174
1302781
2367073
1008165
899876
1258477
914595
2114509
1250510
1260099
1993087
1258085
1027874
2063461
2091138
1413745
1007403
1736160
1086631
1841259
1252646
1258114
2397459
2100498
1310025
1549999
1908536
1841262
959073
959990
2077562
1748319
2205777
1949204
2372466
1483699
1260406
1143720
1174801
2084950
2227937
996512
929577
2295589
1256446
1419269
2350162
916212
2281850
1176703
1900535
1586789
1258497
2331107
2196956
922599
1246588
2227238
1262573
1007935
1252896
922510
1454289
1468082
1176944
2121310
2351453
1841239
2164032
960468
2218743
2383598
1034596
2254523
1483766
1249585
925480
2382128
1467404
1018655
925485
1523980
913786
1249728
1565042
2383416
1485955
1252583
2223043
1489791
925980
1308232
985590
939872
1008850
1300453
1729282
2235533
1599331
1177628
2139059
1550002
1600397
1508362
1565072
1143746
990045
998185
1257158
1265469
2391303
1875717
2101450
1646184
1887359
1252456
1286097
943989
1455534
1975112
2070032
1592119
2164813
2354611
1248646
2214120
1248527
2144833
2076962
946652
1872128
2348079
2227026
2230064
2218398
1720234
1736601
1257022
1248416
2106301
1254854
1302120
2186503
2274032
1252808
1258905
2227280
1000636
1044228
921101
2246499
1816146
1969837
924685
2355017
1758533
1286868
1175865
2389898
990048
1251645
1285502
2053230
1252599
1707605
953381
962219
935327
2352056
924890
916472
2228345
2063459
2164755
2366587
967589
1680283
914516
990039
1250119
916306
1552763
1136676
1300902
1176295
1173294
1293139
2176633
2224455
2389569
1176806
1255850
1153688
1022270
1256117
1273929
1257144
1957642
1843055
1258003
2238459
1459431
1257435
1518239
1483770
1858345
2387235
1258378
1995420
1225275
2154055
1949598
1055735
1238672
969714
1964122
1093461
1254227
1307708
1457918
1249596
1258068
2253711
1838985
1591577
2072031
900730
915081
914888
1300401
1716509
1177718
1784965
1071827
2350585
2140316
1157365
2154456
922605
2160418
951837
1284149
1226379
2096535
2286688
1768918
2278709
1260091
1248663
916741
1248944
2087815
1255732
2227744
2090404
2388744
990417
927109
931619
1981668
927909
1249006
1259574
1095139
990997
2015446
1088276
2413078
2139615
1250135
1546748
1246596
1255546
1100250
1175576
1418978
994023
1635160
1256241
1037566
1318485
2157245
2354612
2062655
1883564
1163159
1250266
2200530
999881
1942591
1248918
1897311
1175679
1175778
1175621
943799
2290542
1008477
1052199
1241642
1900579
1177629
1806571
1932741
1256406
1765471
1260356
948753
1252537
2376863
1260566
2325904
1039455
1631203
2355793
2320807
893535
1260354
2145133
2352341
2064483
2347552
1305814
948741
2102707
991000
1229835
2186319
2118957
2147816
2105353
2213212
2081772
1285133
2077012
1175624
1894357
1994347
2394570
2020941
1307481
2030415
2159403
1167853
893000
1591576
1008473
1199780
1531181
1951559
1000037
1858211
2245197
965769
1259794
1981302
2125048
1550007
1798660
2164599
900610
1073490
1258380
2379447
916541
2286144
1981659
1595457
1802001
1260173
2019382
2098074
1895059
2289781
953421
2195746
1979927
1605275
2223881
1461796
909909
1248757
1423364
1176722
2087322
1885364
1810225
1175971
1144996
2363658
2165878
2043636
2376849
952847
1143777
1176709
1251661
2053949
1175833
2210145
951064
1173007
1816794
971338
2374389
1254678
1176196
957607
1012841
1625310
901217
1254749
1248735
1865281
1897125
1052737
919078
1307686
2070031
1033817
1737520
929625
2148421
1604354
984511
1803606
937226
2215374
1263796
2336790
1460030
1806167
2139616
1584673
1171370
992579
948754
1426398
1764412
1251591
2312898
1177072
2210503
2031368
2280285
2224705
1249232
1256500
1533630
1289488
1176731
1256520
1682509
2267473
2375829
923609
1550705
2375324
1136653
1153690
1410081
1144829
1143767
991539
925894
1256578
1750196
943499
2243701
2390963
1249344
1293904
903079
1251512
1246167
1297240
2374846
2238647
1175817
1497725
948747
912700
2279398
2356726
1018653
1176713
1034598
953599
941289
2392870
1960198
2181387
1858192
1095953
1470285
1469133
1175345
2120826
2310335
2154114
1876318
2345811
1249136
1255414
1991580
1945872
912546
1395843
1254467
1755641
1184097
1406218
914903
2352156
1904955
1866876
2386432
1248984
1175840
1144969
1298138
926634
2391366
1008162
2174548
1175858
1259000
2063458
940101
1286866
2035806
1175809
2046560
1932173
929031
1052740
1255281
2158952
2229074
1284331
2194712
1143721
893564
1176133
1021076
1925595
2310337
2140757
2236872
2111350
2279382
2076616
923657
1248594
1177069
1055837
1143801
2130292
2100573
2158945
1148247
925481
1784966
945118
912934
1646185
2230289
1152630
1198035
2350283
1850910
2375326
2297852
2288590
967582
914584
2126873
1030048
1260124
1703866
1879726
932467
1949601
2234640
1052735
2320850
1307025
2388780
2268746
1002605
2339285
2303365
1250627
2072029
2271269
2413888
929030
2146650
1415380
1177652
982714
2215848
1176455
1673149
1008480
2229155
2232614
2205485
1891398
1805881
1747678
1174111
2020943
1820147
2053232
2162165
1476356
1255238
1254476
1041329
1427471
1448709
2232232
1256237
1143824
1827243
1876602
1248273
2156976
2394670
2144736
985618
1175804
2244580
2135828
1993403
1255225
1256094
1523963
2231921
914574
1296502
1826609
1177090
2373362
2118956
1177730
2098119
2288030
1253340
2195403
994240
1175355
1260719
1263215
1022162
2055988
1093701
1289588
893394
924485
1248593
1416272
1737766
1887425
1177689
1858846
939540
2372516
1892500
1960300
922622
1249226
992990
922952
976504
2328991
1308203
929581
1925599
924968
1789119
1830485
1809561
988639
2392868
2389186
1883937
2097309
954412
2075579
1679062
1841684
1866175
893058
2144739
930338
1177315
1841263
1805106
913450
2367315
2279783
1189096
2148895
1397080
1499816
1823575
2227112
1248339
918561
2038262
938310
914802
2147207
1521000
2330277
1055731
1817338
1318615
2125900
1269847
1260968
1673150
1255413
2228825
1877096
2343035
1248262
1008163
1130668
1143695
914514
1420892
2054937
1464249
2195404
2097404
919365
2272999
1265163
892871
1259691
1286095
1069383
1455725
914826
1403701
916997
2227989
1328093
929907
1176502
1255710
1248410
901704
927910
936260
914422
1265799
2393356
2226966
2222182
1646637
1256772
1832963
928940
1171314
2182620
1827234
930135
1512664
1259653
2015385
1856479
914745
1255365
1803575
1835441
2309794
1069457
1260355
1078351
2375849
1456562
1249748
1263637
1242121
1471050
2182717
2086097
1727081
1236507
954502
1308353
1249636
1463594
1250941
1175556
2205268
1176811
2014361
950478
938975
893382
1175478
1249212
2227190
1763375
893108
1885363
1035785
958604
2203562
1254655
2228159
1250579
1529304
991891
2222787
2406628
2201912
2140953
1879681
2090407
2284253
1055739
1568740
952027
1251690
1162772
2378224
1249626
2371561
2076615
1876546
921623
2181323
2375579
1192055
1018616
1481191
924690
1054218
2088847
1320947
2250072
939396
1894024
1259982
1260456
964736
2105732
1275000
1963992
1897049
2330536
2233141
940058
924551
2303034
1073456
924883
1437338
2201909
1967696
2288114
942180
1249206
955006
1292686
2107175
905367
1322767
2227992
1835218
2057730
2227234
2096003
1259858
991900
1268728
2300568
1251600
1840830
1257095
2061606
1094099
2017779
1970766
926713
2291816
1893208
1799634
1000929
1249723
968215
2333889
988636
1265414
1664751
1531690
1248644
1257229
2287545
2009465
1254782
2372336
2059359
1285716
913410
1911460
2231293
1177574
2391158
2174048
952135
2226174
2229589
1256707
1252837
1497375
1749376
2367267
2350268
1274999
1943846
1977236
942849
1114530
1798657
1136693
924956
1249310
1842070
1918511
2227442
1069377
2397005
2171086
1644704
1429528
2303035
2102244
2105386
1882175
1280536
1850775
1798556
1252587
1942271
1509817
1252067
1745501
2032506
961761
977936
1850771
2068923
2273715
1050998
2091274
2228213
1641049
1971837
937730
959026
2351199
1136660
2271141
1479234
1709848
1299691
1144982
1770470
1259429
997298
1252107
1669248
1878655
925358
1821554
2227496
987306
935636
953955
2226646
1240819
1839492
1835115
2227071
2192247
1279635
1704182
2184865
1257833
2093538
1785214
1881625
900593
2078590
2216186
1257680
1999777
2068804
1176047
1950001
1799869
1257360
1257761
1662311
1249501
2007372
1018677
1646888
1770202
1300943
1287523
1568048
1591575
917359
1293360
2227910
1177403
2375320
1279724
1262707
943398
2230116
1184096
1148665
1900582
2070561
2374877
2397453
1248950
1859494
1520405
1256330
1704206
2051949
2149475
1900580
1854379
2284254
2093679
2222691
1411131
2389897
1723632
1946778
2027194
1469655
1100513
2180133
1123706
933914
1799326
1564398
1257546
1332651
959992
1177041
892913
1858195
1426187
1272681
2362473
1250836
2334927
2375851
2146426
2063460
2375305
1829737
1250195
2364286
2201913
2074928
1254071
940063
988651
2363125
2232425
1254857
912927
1248344
2223044
2191916
2227029
1175574
2210151
985101
931989
1091442
1256154
2084897
1810220
1530865
1175972
1161514
2007524
1175638
1280537
1143780
1248602
912549
1027330
1199903
2223873
1260548
2373157
1254850
2195737
2344365
1027332
2355016
1176727
1532545
1951982
989039
2182719
2098102
956793
2238814
1478742
1918400
913101
2396025
2103169
1432403
2198471
2153213
1253474
2230907
912888
1434368
1527888
962025
1779233
1175977
952025
1171284
2069161
2374387
1113995
1675187
948758
959550
1844581
2147965
2363294
1249074
2219881
1311707
2148994
976033
2342902
1255397
913550
1628923
1966093
1248077
1260424
1249307
2273032
2233261
986403
1248779
2340814
964159
2190563
1496070
924954
2047753
2232712
1805461
959809
2284475
1799880
1111813
1252591
2167321
2228517
2312899
1841724
893224
1679776
2207837
2370324
1255097
923127
1259738
1259237
960846
1198034
1720741
1280546
1013350
2394577
2077074
2227786
1815637
1891405
2229183
1249244
2035976
2372858
1810117
1319084
1250029
1007152
2133598
1749462
945064
2055990
1176275
1670204
1397020
903571
1258002
1010126
937400
1248266
1690873
2369373
2085228
1827330
1304496
893560
1753534
1505842
953026
2375306
2279768
1937530
1318375
914002
1426432
1877856
2086142
899153
1283455
2351087
1275557
2333228
2084890
1685116
926714
2391365
1177415
2104804
1175482
1246594
1286898
2139206
1292564
2348725
2100706
1008386
2154282
893073
925888
1257940
2067384
1902009
1259569
2107965
939282
1518720
1259116
2310153
1937547
1839488
1177604
1565052
1249153
915068
940915
1046216
1256158
2110330
1858194
1251195
1654566
2051739
1143784
968220
1229706
912759
1248684
941428
2385078
2103464
984508
1251671
2268374
1999780
2063416
2139614
2241433
2272781
2180341
1249272
1948384
1416712
1177360
1258954
2078399
1704204
1304492
1879730
1821555
925979
1254677
1951973
1074193
2100596
2344207
2288112
2198433
1732295
1296489
1074327
2090774
1689342
2226984
1320801
2081854
1754672
1242562
2076610
1457034
1043972
1177495
2244581
1431737
1175342
1250947
991256
2392366
1175751
939849
2166181
2335288
1698733
1642380
1839489
2154773
2376698
2076614
1175584
2347553
985100
971384
927911
1898000
1657734
1551165
2317539
1251691
1723606
2218154
1469160
949222
2015027
1819380
2238654
1805721
1035034
1258850
2229049
1176804
919389
1427169
2381349
1008166
2280295
1252581
1441994
937415
2181390
2273713
1748513
1425372
2010514
1027331
1459358
2363351
914535
2398180
1289514
2228108
1941340
1249176
1416487
1309336
1251015
1056117
1736710
1869390
975282
2081773
1478740
1859039
1546746
2190330
930805
1175923
1978874
1095207
1505802
1232912
1268982
1463996
2340963
1838638
1668409
1086465
1295323
959551
2243529
2330836
1949603
1027954
1740615
2035864
1013478
2296289
1285158
949483
1286672
1479233
1321652
1881781
2230200
1260937
2109325
1258533
1255575
1731945
1663428
952026
957610
922613
2236461
2201922
2007525
2102032
1302818
2374416
2225557
1177384
1027325
1984617
1974642
954500
961010
1256913
2043633
1675138
2227061
1073464
959555
1517504
2181867
1898483
1290738
2232566
1498407
1473978
1874966
1505839
2361944
2173279
2310616
1251895
1651247
927481
939537
2141620
961718
2310345
1177091
1066261
1846372
2070030
2045942
1175072
1859179
1483698
1308082
926601
916471
929029
2198461
950117
2394669
913492
1332844
2253703
2229550
1171457
2105355
1249102
1249645
1176395
1256528
1058476
1249524
1476096
1906992
1463595
939294
1292819
1960373
913796
894483
1257763
2411808
2180472
1002806
1177632
1143782
1749306
1248250
1706483
2257312
1882193
918711
2377937
2133599
1736164
2229671
2103450
2162772
1319113
2089763
1010265
1250161
1250515
2007374
1527892
1289520
1254807
1459339
2284474
940859
1303101
924884
2210152
1176283
1257367
1161651
1568660
1175415
2104119
1009170
1143793
1255553
2404543
1250226
1848518
1860159
912706
1279556
2209985
926685
2015383
1729504
2371996
1321900
1315361
2154453
2075622
1825995
2301572
1754467
2230818
1905672
916681
1025735
1877935
1257203
1248833
985105
1926456
1252093
1175673
939393
1248788
1175472
1175644
1604355
1059485
1255416
914747
2154454
2231292
1473991
2399010
2057537
1297239
1509816
1816296
1013678
1859360
2291702
2221971
2397042
1100512
1258401
906769
1177612
1176729
1060821
2404541
2106368
1046113
2285209
937433
2216188
2191510
2145306
1870321
1258384
1435933
2413080
1248401
2349093
986955
1257046
1615840
2221832
2097311
1281008
1177765
1395471
1557634
914751
958816
952172
2272382
1752491
1177850
950354
2234954
966299
1409372
1175650
1171281
2087006
2007512
1525203
1740842
1256238
2117035
1858872
1504073
1465155
1533503
1252641
2379060
959047
2096009
953420
1248265
2259768
1999783
1888044
2104120
2379310
1606983
1177344
1175529
910028
960448
2101419
2113858
990832
1492277
1177750
2203406
1278923
1280025
1256984
1864231
2386650
2108347
1176710
2291695
1177674
924273
1932743
1050537
2130889
1458288
2227830
893545
962842
2064407
2210689
1052749
938413
1784743
945480
1304357
1723715
1266333
1408414
923613
1815550
2411937
2127526
2140741
1299822
2113015
1899934
2333214
1078862
2130734
962020
1779248
2384891
912678
927478
1557045
1858189
1254472
2223045
1012839
2044142
2171199
2389182
1860922
1899727
1267524
1685334
1251719
1251630
1949599
914844
1175332
1177746
2352058
1547812
1260422
1324647
2411936
2148993
1249615
2217606
1601764
1878921
913378
970354
965775
1306685
1268055
1248859
2231037
2285003
1259904
1302883
2178807
1884252
913636
1646649
1248403
1259946
2220682
2148043
1452843
892851
2084922
2190478
2043642
2336853
953956
2370317
2090773
2219870
1193305
923773
1248303
1088345
1522347
1681959
1990621
1251947
1143816
1252592
1639875
2375850
1177721
2341121
931741
2225433
1831778
1248128
1175709
2069679
2055061
1881699
2100823
1176235
2181410
1412126
1253739
1251650
1176223
1410328
1177404
1175691
2126539
930284
1275206
1254278
990991
1144763
2261756
1107840
1034474
2280289
2142771
924892
1249009
1539034
1260011
2158943
926687
1954331
1255044
2223041
936261
1250606
1299859
2038376
2279784
1683240
892909
2141756
2161919
1808190
1143704
2227251
2392869
966187
2325903
1861084
927402
1623211
2390232
1260400
1250403
1045762
2374728
1964426
2388779
2284444
1864233
1433065
2234300
1249161
1945008
990986
1508884
1295657
1564397
1265518
1623366
1894289
984770
1183032
1000876
1617914
936041
2202382
2012161
1574554
923039
1225654
923170
2164057
927399
1851886
1197744
1249959
936761
1258358
1258026
1851893
944162
1136674
1248786
1787913
2125901
2229408
1021082
2360188
1296493
2274031
2209169
1254821
1177151
1766061
920655
1254934
2220699
1487135
1281351
2043637
953910
2266396
2077285
919384
1832423
2108351
2027195
1424541
1945099
1683243
1887360
1035035
2355400
2357384
1275370
893308
2137844
1175567
1175806
1257929
2220592
2262884
1895456
1118963
1279478
1893164
1058557
934065
1022556
893301
2093681
1944233
1704012
1798661
1826608
1254441
912530
1044227
1883805
1503605
1201973
2375982
1258827
1176733
914878
2108603
2142398
961578
2055063
957593
1468385
1235060
1642184
1772716
1176180
2286049
1263783
1843483
970895
1495433
2279369
2017780
892836
1812285
938675
965773
1639345
1255957
990050
2143513
941321
1176714
1558408
1823240
1251739
1408492
1030191
1144038
893629
1175336
1064782
1856482
1411370
1237195
1003273
928291
1252045
2053683
2354467
914223
2396102
2125898
2229545
2061607
2095394
1429843
1710732
992561
2089545
1011157
1144825
949602
1175807
2374704
1860412
1175451
2391993
2228964
958199
916951
1911294
925891
2027591
994193
1409231
1293165
1300159
941919
1248986
1729229
2104130
2198773
2103174
2196932
924691
2392297
1522348
901967
2194176
2225692
1617741
2229736
1436078
1016974
994235
1461788
1177347
1530563
2301571
1498822
1415385
1834519
1031375
1254856
1995036
2144737
1252696
2217602
2233352
1557635
1813700
1035282
1255659
2387674
1323545
1172950
2262466
1012066
1254252
2330801
2389660
1702060
1257134
923227
2336796
1855438
2232525
1227338
2371994
1248765
2060062
1255473
912937
1864907
2308858
1300212
1231062
1018672
924886
2216192
1249830
1254591
2200486
2030344
1256885
1868758
1308392
1880139
913525
954480
1176851
1202074
1268476
1175761
935711
1826260
2352060
2330781
2072032
1301035
2083821
892809
2225407
1503604
1459092
1100253
1760821
1107116
2225404
1308081
1194355
2392296
1149183
2027196
1143723
1248802
1251065
928692
1176906
1993248
1256556
2064404
2202390
1525226
1598051
2209365
1258441
922106
1306514
1038838
2375316
1257955
1300355
1093702
2139058
2186882
2059533
1258583
2226964
1267512
1008164
990042
917063
908136
1143747
1883901
1250581
1403833
1137947
990036
2203102
1171311
915124
1270199
2344364
1289605
1879688
1968254
1993863
1258947
1173342
2157246
1144827
1176316
2043635
1804626
1176186
1584669
1256180
2260554
1911445
1249839
1659575
1251592
2218802
1143804
2363657
1248243
950114
1723589
1876841
929027
1143751
2388778
2166639
1704013
1073461
1990416
2002966
2158942
2353710
1254676
929504
2203622
994238
2366586
1175798
1249120
1300216
2079178
2122847
1547420
2343824
2250360
2233413
1496543
1431494
1294734
1002899
962967
984752
1251916
1879384
1256552
1881188
1249338
1717603
1088348
1177623
1231292
1842677
2144996
2125046
2385481
1249154
1091616
1177570
2289590
1143753
1529421
1248229
1546221
892812
923348
1257108
1284821
1096880
1248389
927923
1753704
1727669
2030863
1856273
2371924
2202314
1730684
1481068
920767
1176318
1260736
1800246
1268099
2298960
2374844
1830528
2068053
2253451
2143133
1804013
927148
1861082
1505809
2311806
1912104
1248906
1177475
1746547
926553
2312905
2231549
1546972
1073920
1704339
1691693
1694468
1463620
1286867
925071
1282374
2371997
1258081
1312234
1143687
2062675
942902
1775118
2235906
2162399
959245
2167071
1052741
2210513
1558662
1101845
1774667
929653
935712
1147075
2341087
1925596
1855985
893540
2253714
1246593
951961
1282981
1258839
1007355
1261429
1248758
1175463
990941
1144040
1144826
1257995
1175479
1949955
2280147
2373363
1177714
1430614
2238846
1893435
1319167
937432
1175377
1019181
1175837
931074
1505841
1249528
2112279
980279
1177631
1858806
1876167
2125045
2163638
1058550
1850776
1254829
1307461
1729303
1251538
911754
1255470
1018649
1459340
1960607
991987
1273178
1059481
1256513
2268361
1779251
2396129
1176132
893034
1236642
2063755
2128647
1995104
2227103
2222181
1685604
1873903
1628924
1715508
1257967
930350
1259901
1546988
1175834
1700811
1275187
1991220
2192244
1970755
2070196
1177119
1646183
1259373
930812
2338893
1300142
962964
2163975
2209187
956620
1253290
1524041
2221610
2229737
2043638
904631
2335289
2189641
1174466
1144828
2203623
1686123
2404540
915319
1793660
927886
1175706
2222692
1252580
899625
1301344
1260094
1266882
2221608
1176006
1256329
1177259
930810
2411939
1248755
2069835
2204700
2347551
2038375
1487294
2268447
1874315
1252766
2058745
1008160
950116
2206495
1258618
1143791
1251576
928157
2162561
2113991
943991
1796320
1975110
928506
2227914
2079089
2080582
1308196
1587637
2148891
2140954
2069834
1716491
1531759
899653
1607898
2202388
2035951
2147942
944769
2210154
1604060
1800052
920684
1529831
2210393
1260176
1257938
904630
1242576
2097630
1837978
1711339
1319083
2227724
930470
1257901
2086840
2203692
1175692
2374729
1508087
1805462
2084949
1735127
2323728
1189537
1255521
1256602
1074328
1253185
2186746
2058324
2334924
955007
1175440
1800326
2390602
1254892
1254945
1021080
1248263
950115
2226231
928292
1177334
1824104
1564399
2227290
2225898
2355406
1176992
1248751
1250036
955881
2391214
2148990
2225435
917287
928504
1810421
1202183
1717130
1877850
927975
2138741
915154
2224761
1248341
1913125
1793668
1177609
2345463
952427
2389661
1689344
1177483
2157258
2054035
1010896
2168529
1225788
1257033
1308234
1505838
1901652
2350633
1255683
1283464
1298220
1736166
1703849
893384
1526778
1770798
1434367
2135388
1248178
1270771
2129821
1855139
2155987
2227962
1284792
1873222
2208590
1481654
1400883
2218056
1463598
1008517
986939
984502
952823
1017227
1497372
985841
2411806
2085212
1145012
1260531
2248753
1755117
974637
2284473
987001
1258538
910237
2273461
976625
1176089
2316947
1248988
1248121
1318571
2208517
1248617
1881463
930767
908483
2230914
2408948
1259380
2231837
1251587
893450
1318275
2205392
1994593
924271
996599
1176174
1175969
1249267
2223510
1522763
912562
2105733
1975111
957847
1838259
1858848
2344734
924553
1733548
2155988
2059040
2341190
1678321
893057
1970736
1307782
2229196
2242371
2389658
1690263
1091793
2210267
958276
1016856
1259733
947408
963243
1136662
1762729
1176702
1176715
967564
1175528
1249657
893318
1250196
897206
1440021
1485219
896845
1458827
1309341
2068274
1525407
1030096
1764814
905342
2191936
1104621
2392825
2133102
1960604
1256523
2139575
1321586
2232613
1257319
970443
1255405
1249885
990393
923211
2383411
2391582
946571
2302608
1175877
952749
987491
1810224
1506614
1021083
2126275
1251839
2385075
1252055
1191204
1258093
1881383
1233659
2084908
2391585
2035863
1330739
2309832
1837612
959991
1299712
2310338
1859040
2090556
2268359
2321470
1258634
1011156
2402614
2381713
1248091
2076613
1881384
2019383
923222
950118
2093688
1249526
1903635
1133409
934140
990670
893018
1175504
931440
1864288
2318340
2388021
2193531
1861188
2014360
893007
992189
1464685
1832964
2408386
1784933
2098103
960462
2174546
1949954
2404539
1810221
1289113
1275054
1250566
1016964
2355789
1254872
1304898
1260316
928711
2148121
1255543
892861
1176711
2295601
2089735
1255419
2383596
936981
1534892
2288785
2167687
1248774
1280729
2284445
1189954
2290111
1810420
2236888
1604062
1462877
1951976
914905
2050660
2342040
968569
1517209
1149180
2190477
934067
1784899
954210
1259945
893086
1839529
1883940
2100170
2330800
917362
1102115
2072209
1772714
973164
1317648
911665
967537
921605
955455
2273706
2021511
1751544
2069819
2183635
2242811
2170779
1069379
1258582
2172739
1022608
934423
944676
939541
1770199
930443
2357281
968232
1259862
1300193
1300164
911899
1257178
1296118
1955540
1874495
2082007
923643
2182626
1032242
1248769
1329382
1859183
2261772
990139
2391302
2227585
893581
2223040
1463198
1181203
2243050
1667843
1022268
2355401
1248783
2271684
2391431
954898
939703
1176049
2387354
1030046
1002512
2343918
2184814
1907187
2375581
1993042
1240882
2176788
1249315
1176127
1866199
1258471
1679068
1143744
997305
1637460
2229672
2398432
2019305
2189620
900201
2387590
968419
2268738
2260520
1793201
926686
2136594
2389100
1799853
2360293
1835889
1289022
2271683
997872
1177831
1136663
2234646
1509819
893657
1244790
1176128
1257132
2229157
1899620
1599749
1673680
1227342
1435934
915156
1713754
2032510
1143690
965389
1880560
1010509
2354606
927479
1613718
1174110
897005
1591765
1811915
927912
1026928
1179559
2093187
2280053
1250351
2179138
916675
2391113
1473995
2141290
2370305
992557
1925646
990994
1865361
2317165
1145009
1729304
1872320
1798200
1259113
2189170
1254485
2104389
1877857
1438778
2103049
2097200
1249314
892986
1681573
1888591
1282982
1176760
1256803
2387353
1925594
1708428
1294946
2250359
2213760
1784740
1446487
1851888
2334086
1249399
1760577
2086404
1248941
929329
892993
997997
924253
2098078
2367450
1999778
2037451
2383599
1256973
955003
1697937
1268474
1678330
1774785
2157193
1177340
2276134
1250995
1824110
2194128
1479865
1252183
1055741
2227893
1551166
2118961
1256352
1606158
1103946
2190322
2096001
908112
1014679
1296563
1301294
1686296
1854813
1248740
1280288
1249276
1290739
2106346
1838986
1258419
2224454
1256695
2241576
2130079
1958320
1873234
899258
2032380
2044160
1248689
1019533
2158165
929844
1716960
2078401
2227011
1249144
2392866
1175614
1739240
1100510
1248681
1798298
1514215
2084993
1440676
1911462
951554
2225560
1252496
915161
2101423
1143769
1083871
1969278
1827207
1175602
1320358
1609198
1875613
912426
2038260
2319075
1043971
1824008
2375322
2339554
956775
2201915
2280288
1176224
1865764
2398449
1970675
1255417
1993044
1255376
1684591
1277326
1249208
1407016
1177505
2055987
1003955
1176068
2113308
1254720
936757
2230274
2204702
2288801
2374876
1208411
1177568
1176268
1248790
1176324
2375983
954217
2404537
972119
2287563
1177498
2067226
997294
1027329
1441224
2120340
903205
1262572
1177497
924524
1518043
1631135
1250349
1503568
1149176
2232811
1966262
1175792
2101130
1686122
1522349
2404542
936484
977337
1258732
1259260
1177620
1249911
1700058
1251009
1783171
893002
1253442
1595738
2178902
2261712
1246168
2355411
959987
1872326
1176984
2308692
2186110
1615338
1955724
2369374
2310346
1252761
2100100
1256066
1172664
1259838
2192516
1603318
928127
1176761
1287182
959811
1159990
924681
1796515
1432035
1884344
2143515
1539292
1175835
914666
1251150
1879368
1655179
1010895
924486
1907886
1723641
2084285
923232
1799635
1578423
1144036
2349226
1302796
1280437
1175788
2184816
1251515
1176102
1593853
2218400
2135634
2362117
1035040
1947185
1451514
1490272
1254545
1171415
1256354
2206001
1756870
2296290
1885361
1907188
1460825
990102
2079092
1047573
917065
2157243
1055835
1663340
2097199
1655074
939394
1474023
974464
1503413
1299215
1100344
893452
1251652
1069456
1256441
1261600
2250642
931987
925357
1258412
892998
1687316
1259120
1021935
1260174
967762
925070
1273425
1249562
1772518
964648
1160123
1419396
1613850
968230
1172895
1256239
1257039
1175956
1172656
989740
2312912
998758
1571575
2209148
1175396
2318344
2197749
1259302
959228
2381568
1798659
2366802
1564407
1177411
924211
960486
2208591
2177733
898883
1646341
1175975
1285497
1958326
2391992
1296490
1295101
1143736
2187477
2340727
2370982
2068276
1134217
1893098
1960299
1655076
1257739
2047205
2148991
1858752
2391477
1951981
2162400
1258008
1171917
2216618
2412905
2389101
1258409
1297544
1260297
999678
1321989
2412907
1810223
1039451
1251628
951452
1248098
2238523
1177793
2359950
1296991
1008476
1306674
2168495
1257443
2377904
1143703
957592
948767
1176670
1659187
2167162
1448993
1254577
973220
2086099
2189119
1275179
1175755
942189
2273695
1770166
2228107
2218810
1008479
1175764
2225984
2269141
1889558
2279781
1710731
2378805
941888
1250179
1117773
2082030
2140642
938676
2231381
1252204
2188581
1248088
1792776
2163034
1458040
2231528
1254153
2224456
2144149
2088815
2333221
913231
924248
2400356
988596
2371995
892894
1319093
1520552
2027184
1252247
1281001
2050440
1860405
1197743
2192246
2354725
1466939
2159188
929161
1983987
1397079
1897956
2336789
1960176
917379
1753061
2046747
2125891
1016213
992551
1779250
2383593
1255016
1259562
2391112
2219400
1836370
926972
1890068
2230275
1778602
936382
2100572
1739883
955018
931420
1171383
1175630
1075953
1185636
2340768
1397022
2101415
1251140
2102250
2394674
1710729
1174510
2319712
2190285
2201923
1578532
1249923
2225643
1993810
2228216
2234645
1248530
1457297
1531189
971289
1256297
2201924
2225199
2172228
2070272
971352
947393
2387668
938500
1001819
1525582
2238800
2229730
1762730
962883
1944121
2203070
937431
1608331
1309359
1827217
2193316
1881465
2234662
1257094
1281879
917143
1088487
2342912
1702232
1873235
2335261
1429969
2352055
2271140
2145305
2291677
2147209
1171607
1981654
2110027
913624
1256501
1249973
1082358
927401
1251721
942079
2135804
2323729
1300631
2146649
2413887
1175572
1849269
939950
930807
1248820
2295535
1903237
1251644
893286
1094863
1250170
2374727
1176094
1249390
1054094
1608925
2375580
2145557
2200488
1685751
1537140
2189621
1881375
1423286
1201209
1261601
1858614
1483696
1254653
914798
893497
1249784
1228397
1256584
1753041
1855439
2410727
1252578
1071820
1175599
1250122
916204
2389099
2335640
1249243
1635450
1252577
951344
985097
945845
1058300
1252744
928510
1101839
952268
1839493
2139574
1003419
1505329
1249249
893026
2070292
1250967
1716966
1891662
1175484
1249293
1768063
1177776
2285183
1176013
1254888
2381530
2316885
2092749
2357998
1622566
1259379
2143663
2183634
2218811
2201914
1257544
2178727
1663427
983858
1258381
927204
1485624
898439
2354466
1177610
2203693
2118870
2028980
1177463
2325905
1318628
2176466
2385573
1148751
893168
917442
2384242
1254663
1249646
1176695
2139613
1480832
1571000
2099284
2228960
1109976
990679
2199282
2389181
1655005
1300916
1177708
1999781
1257317
1249273
1320627
2227831
1260019
1695087
1949605
2144738
1296495
1941343
2407290
956795
1063568
1258087
956796
1765429
1308575
952321
2378352
2352054
996953
2396458
1896912
1157197
1016400
1497738
1265604
2330256
931618
2088848
947069
1466756
1133894
2238801
2202264
2227508
992553
1724290
1009144
950790
2353715
956799
1870485
1468525
2047362
1851681
919092
1175826
924025
1136681
2224900
2099300
1088290
1255932
2226416
2374388
2230894
924252
1739889
893538
1254808
1828157
1254977
1060091
1255490
1396641
930339
2364449
2331104
1964424
1300165
1249090
1851285
987361
1143741
2025767
1689708
943849
1257333
2225097
2288116
2139062
1255227
1523929
1269889
2229220
1895545
1909415
1251007
1075951
2370239
1772958
1458856
1881983
1255713
1993808
1252895
1143717
1250877
2342038
2047200
2157882
980395
1496385
907147
2371764
1171307
963943
987362
912936
2154597
2372880
2413081
1177057
1803015
2181389
1521472
1465290
1993809
2142824
2093686
1177009
1266212
2070993
1492219
1899181
1879732
2227235
931986
1087583
1305777
1255141
1958323
1981713
2413079
1258157
994548
2279399
1176254
1011897
917381
1866088
927889
968238
1434633
1882290
1249295
1251714
1252468
1022437
1101846
1026123
2071556
2227063
923642
1958327
1772902
1816570
1978876
2395204
1250296
1008161
912940
1296501
2294721
1710730
1032241
2390291
893302
1254826
1958325
1820173
1175738
1949606
1143786
1925597
962145
2067381
2178895
2140217
1803374
924970
1594217
1968638
2227693
1851892
2229549
893482
1249522
1250598
2093671
2063462
1001688
1143821
1911466
1248699
2053682
985904
923620
1419394
1952466
1177859
1258236
1960377
938678
901158
2035977
1176154
924885
939535
1251049
924391
1259185
988680
2245272
1257040
1001266
1979192
2044921
1256216
1566713
913366
1780046
2019385
1252897
2059813
1249451
1152347
2381225
2113310
1280522
1299475
2074075
927404
997994
2225408
1254209
1055733
2343034
2350161
1175625
919364
1700573
965774
1255566
1252121
949578
1175708
1939332
1553630
1269551
2224896
939264
1253738
2330255
2226871
1034735
1175617
2157355
2190475
1177033
2229731
923349
2132786
2181434
2389185
1943922
1126167
1010903
2249082
2353712
1411408
1250272
1250092
948811
1174513
1297236
1500013
2160712
922606
901235
1882288
1238788
1317358
2272710
1250214
1416215
1156668
1287668
2394672
2042979
2280145
969688
2260555
2168247
2118954
2161518
1688049
1248259
2396265
2203328
2333213
1248085
2351027
2210515
1025058
2413076
2371562
2347274
2229729
1248878
2413075
991005
1850810
2115452
2360281
1671170
1249538
1034597
2210694
2139611
1512371
2307820
927476
1864460
892907
1894027
1451516
2084898
2182466
922611
1175868
1256273
1039457
2375583
2068277
1761505
1838984
939200
1258736
1426271
1483700
1599161
916473
2229197
1260321
2163337
1255472
1136661
1191203
924764
1464853
924800
913531
2044919
1637488
1403834
1627462
1248867
2035805
1257275
2273028
1837970
2126541
1941859
1812973
2116764
1249862
1225787
2223046
2076127
980271
1960200
1161649
1466940
1052758
1175739
985616
1300163
1257010
2243527
2218728
923228
968122
1967655
2334085
2337287
1897048
1100251
2341776
2214334
2055989
1175729
1086464
1627467
1859586
1707525
1527889
2261376
2358220
1458857
2398763
1231366
1249519
1304239
1902030
968565
2232615
928694
1255605
2120131
2391210
1587083
1978818
1023238
2227913
2069832
2113018
1019038
997292
2145562
1873904
1784474
1281108
2228534
1177363
2363126
919234
1454552
936121
942182
991274
1317112
1174077
1796359
907901
1255486
1749911
1700051
1301330
2317540
2329934
2091425
1490265
941433
1627464
1136668
2224706
2363389
2182625
1834442
2322024
1249064
1411129
1188337
1258063
1960376
1298441
1462875
2082864
1700055
899554
1254812
1251593
2261773
1546222
912887
1249447
1258737
1852246
1285108
2384772
2182422
1035417
2112989
980277
1332212
2302973
1769913
1267526
2218396
2225766
1290966
2082011
1522296
1256171
1470599
1249054
913516
1260112
983757
1952000
2374115
1253394
2322022
1176144
2412605
1307958
2363388
2093588
1248308
2113120
2131077
1309333
1422342
1004623
1252150
1255523
2038263
2311389
1485785
1175586
2357064
959215
938154
1248880
1294920
978178
2398784
1740599
1256240
2304389
1256133
1816147
952610
1255471
928938
2227832
1847772
1883875
1736662
893352
1666578
1171342
991003
1254696
1096893
1550000
2053231
1088592
2391157
2099841
1446355
1531161
924148
1175793
2364283
1256802
938980
2156980
2202111
2118962
2149474
924250
1252481
1256356
2394429
1543628
1171788
1252600
1248662
2229153
1861198
1021078
1249435
1901651
1055737
1016655
1248278
940021
1249825
1860410
938420
1661409
2100570
2266395
2101129
1582620
2366857
1561476
1609294
1258691
1257177
1689704
892908
2322021
1994302
1598940
2406631
986401
1574484
920108
1249968
1145006
992187
1255706
1136685
953892
918771
1690739
1022554
1021074
1008472
1308928
920988
1319351
1001265
1250658
1246192
2174435
1080521
2118054
2397004
923220
2096225
1763914
1631134
1305146
1313071
2114269
1312124
1176937
2155518
1702058
1430893
1925931
1175836
1320337
1268981
1871993
1721177
2232564
1799261
2341425
2334954
2010432
1758531
2231548
1060096
1251237
1258001
1103861
1803253
2104097
953969
2331754
1911471
1175629
1256495
1643836
1253584
1652769
1299407
2291698
1177050
2395202
2053684
1682168
1248946
2067380
913230
1941336
1252059
1251627
1253737
1963760
903778
1018642
953600
1762592
932606
1250694
1073462
1159868
893423
1758534
926003
901438
952066
1177773
1274367
1647121
1978875
1249231
2182623
1653542
2340767
1871994
1134008
1316626
2197748
1313945
1258176
908079
2219432
1663821
1028667
2251590
948761
1552348
1230330
996603
2069833
2382124
1301740
1492302
1881462
1978406
2150170
1744448
1015443
2225775
927408
1838181
1568659
2197855
2053687
991377
938151
2388636
974113
2172325
1706114
2374874
944767
1893873
1490706
2395169
1258202
1027328
1990418
1440845
1055841
2091473
2392872
967586
1495434
2219088
988661
2215849
1175781
1177001
1296937
960491
2377939
1255484
2360342
2238976
1270791
1174149
924682
916213
2178435
1304708
1175552
979071
2070271
991253
2353714
1823791
1280748
1291005
900722
2223126
940060
1554469
1906929
2380534
1902004
2020979
1994429
2163361
1966196
2148422
2105045
1250981
1812097
970440
1177461
1052739
1479945
1850872
1872599
2074401
2032200
1065113
1248289
908033
965772
2158941
1723631
1751288
931740
1249407
1287527
1968328
2156871
1015723
2149476
1564400
1191398
1858187
1177366
959525
1175337
924251
1460144
2319638
1257301
1272309
2379372
1321243
1986877
2227694
1300952
1770201
1251060
2021762
1395842
988632
1952001
1193971
1749472
1263755
1502227
2047796
1011339
2205571
2218809
1404924
1144037
952634
2172410
927808
1724328
938677
1868417
1889517
1028304
1175753
1262888
1275053
1598541
1019043
1544522
2365895
2190329
988597
2232848
1757069
2412904
1246592
1176802
1257606
893050
1854816
1035278
1265764
1003015
1251682
912939
922473
1254262
996834
1202379
1175483
2126540
1248136
2129973
2063521
2336851
2184885
2307799
2382130
1144968
2383088
1022560
2111377
1743304
1318052
938261
2226573
930506
1260455
1176991
1615862
1101908
2413481
954979
1149172
1834090
1662148
1319119
941429
1258805
2400730
1175613
948760
939199
2382125
1856480
1270200
1087579
953911
1177579
925074
1050536
1228398
1255478
1086849
2154281
1144970
2064419
1505019
2298959
2038383
1100511
1519943
955069
1699038
1024611
948749
2098120
2268735
918078
1025948
1903833
1947664
2390627
1519101
991007
2230155
2392871
1236093
1176050
2139874
934154
1900584
1258840
1016970
1981117
1177753
2227932
1452331
931853
954570
1891397
1520852
899628
924258
2227994
2375416
1499817
997306
2225582
916676
1248978
2017699
988675
898957
950113
1897247
2201907
1880149
1312756
1681486
1248173
1176884
2374705
1430595
2177669
1806029
1851678
2231291
1248643
1657732
1259833
1248318
1817381
991889
2078586
2179686
1035280
1528894
2408949
2101131
2225641
2273707
1259430
1733680
2081658
1177665
1621363
893309
2190476
1035179
923006
914211
1291187
1175612
2139573
2232429
964737
924731
1533592
2308073
1266189
1181445
2139061
924680
2102568
1250424
2139625
1249159
1832965
2101188
2273730
2311581
1908730
2118745
1287155
1258498
1550001
1044365
2322591
2342016
2091399
2192738
956797
1709845
1250310
2105845
2374778
1744726
1426401
1100019
950112
1248902
966039
1097536
1258273
934883
893008
1069458
2199564
1122910
1174512
1249642
2388781
1826710
1308405
2234637
1230390
1249088
1254743
2413890
1706918
1177341
2352057
2147208
2240974
892869
1254281
988545
1713287
2385449
2226962
909568
1434369
2386817
1559998
2226653
916678
925273
1505804
1601905
967566
940043
1332765
1758532
929637
1249246
2212673
926105
2202113
2227912
1053378
2232813
2391209
1687968
1944441
1248697
1255834
2230292
2078587
1248695
1857060
2143512
2375845
1397021
1318623
1016977
1898873
926008
1254751
913928
2110327
1838134
2157266
2218403
2196781
923221
939291
1011338
1260095
923218
2222174
1828633
1292341
2157187
960986
1843047
2015381
1130483
937770
1011342
2145204
923628
1256526
1016242
1250211
2197854
920541
1891262
1018632
2201910
1265561
2231550
1257541
1873237
992080
1704205
1992930
2353711
1779010
1258738
943990
1021023
2140743
1032236
1860536
984410
1046213
1858190
2381569
1021068
1537908
916205
1236102
927119
927121
1319762
1308474
2270989
1562223
1906994
892915
991893
2252915
1896589
1018621
1177067
1711044
1841261
2097310
1525225
1263236
942293
2367675
928695
1175608
938777
1594637
912795
1250398
1238797
1238800
2148989
1906418
1724092
1069195
928659
1248960
1706192
1740865
1806030
937417
2227114
2144740
1255698
1678326
1076195
939910
931931
2139899
2288591
2347191
1257332
2361696
2208592
1602691
1274998
1248211
927125
1236492
1906993
1499597
2330802
893682
1175393
1723642
1175363
917286
1960375
1143806
1539085
1016209
1176257
2380532
922608
2137843
2076612
1458855
996311
927118
1297223
2144024
2085431
1011337
2384892
2235849
1806028
1250304
1659577
1043976
2190287
1279056
1254889
2291696
2354607
2375438
1258472
